3.14
2.31
2.57
1.51
2.6
1.79
2.52
1.51
5.16
1.11
4.64
1.12
3.11
3.44
5.38
1.01
1.0
1.12
2.98
9.5
1.93
2.62
2.19
4.87
1.28
3.71
3.93
2.34
1.69
3.87
1.49
1.59
4.38
2.96
1.52
1.79
3.04
1.16
1.0
3.94
1.0
1.68
1.15
1.88
1.35
2.52
3.36
9.18
2.21
6.4
1.46
2.11
2.72
3.79
1.65
6.97
1.78
2.92
3.15
1.04
2.01
1.3
1.94
1.04
1.01
73.07
1.45
1.18
45.4
3.85
4.18
1.68
1.04
1.08
2.95
7.56
2.67
5.01
2.27
15.67
1.19
1.86
1.44
12.54
3.41
3.93
1.42
1.89
2.28
1.0
2.42
4.06
2.44
2.42
2.8
2.89
4.9
1.18
5.1
2.12
2.99
5.32
5.69
2.24
1.77
3.16
1.29
2.36
3.09
1.6
8.36
3.64
1.58
7.09
1.16
55.48
1.18
8.31
1.72
1.04
1.0
12.36
1.85
2.42
1.95
1.24
1.24
4.82
1.2
1.43
1.43
1.17
2.35
3.27
1.25
1.0
2.23
1.19
2.14
2.4
57.74
1.78
1.5
3.29
5.51
1.08
2.34
1.75
7.31
1.64
1.43
2.5
1.83
1.17
2.29
1.17
3.48
1.13
2.53
1.02
1.15
1.0
2.09
1.94
5.11
9.6
1.23
1.44
1.26
1.22
1.88
1.27
1.07
1.19
5.28
1.1
1.35
2.05
2.19
4.7
1.06
1.75
3.37
1.27
2.59
2.06
1.01
1.13
2.72
5.84
2.03
1.39
3.14
1.01
1.31
4.57
7.09
1.1
1.3
1.69
5.25
1.61
1.1
1.08
1.64
6.83
5.15
1.92
1.24
4.04
6.81
1.64
1.2
1.56
1.73
7.87
1.31
1.53
11.17
1.65
1.61
1.31
51.21
2.93
1.42
16.58
1.06
1.01
1.19
4.4
1.2
1.03
1.22
3.78
10.95
1.0
4.94
65.31
1.11
3.01
1.86
2.49
4.06
3.36
1.34
2.38
4.71
1.33
132.41
1.22
1.89
1.5
1.16
1.05
7.28
3.16
5.91
1.07
1.17
2.32
12.35
3.97
1.07
16.85
2.85
3.11
2.24
2.01
1.15
1.07
1.23
1.55
2.11
1.03
2.47
2.85
2.57
11.05
3000.0
1.24
1.16
2.51
9.0
4.52
1.07
1.9
1.19
1.06
1.74
1.04
1.24
1.92
1.01
154.63
1.51
1.05
1.87
1.89
3.82
1.33
14.55
3.05
6.76
4.34
1.08
7.32
50.68
2.93
1.26
1.21
2.98
1.8
1.14
2.01
49.76
14.54
3.63
1.08
1.58
1.08
1.24
1.15
5.08
1.67
1.34
1.08
1.32
3.05
5.45
1.51
1.57
6.43
4.34
2.76
1.74
1.03
4.94
1.07
1.5
4.79
2.75
11.27
1.34
3.62
1.12
2.05
1.53
1.03
1.59
11.37
1.4
8.35
1.2
18.5
3.11
2.22
1.54
2.2
1.42
1.41
1.62
1.32
2.12
4.7
2.65
1.88
1.22
18.96
2.42
7.14
1.27
3.94
1.08
2.5
1.03
6.53
11.64
4.41
1.91
1.37
1.53
1.53
5.89
60.07
4.88
3.02
2.27
4.37
2.49
1.17
4.54
13.0
1.06
1.57
1.77
4.39
1.12
1.9
1.9
1.9
2.45
1.6
1.3
2.01
1.94
6.17
1.78
1.4
1.18
2.89
4.04
3.75
1.5
2.63
5.29
7.4
1.11
1.02
1.05
2.39
1.14
2.81
7.84
1.68
19.26
1.51
2.25
1.11
1.37
19.27
8.4
2.02
100.16
1.49
2.09
7.02
3.25
13.63
1.94
1.82
1.1
7.25
1.34
1.03
1.5
2.76
9.81
1.14
1.55
1.4
1.29
1.46
3.86
5.22
1.41
7.51
1.22
3.74
1.61
1.92
1.02
1.57
1.06
1.47
1.06
6.58
1.5
2.44
1.09
2.22
14.83
1.18
1.19
76.04
3.44
1.43
1.05
21.94
1.32
1.93
1.09
1.73
1.39
5.82
1.02
4.41
2.1
6.39
2.74
2.46
2.25
4.92
1.22
3.24
1.0
1.83
1.46
1.36
1.11
1.28
10.06
2.0
3.1
1.1
2.5
39.47
1.49
23.8
4.59
1.73
6.36
1.99
1.05
2.01
2.26
5.41
10.09
4.64
510.52
1.93
2.99
4.13
29.95
2.24
1.12
2.02
2.73
1.18
4.65
1.03
1.77
1.0
1.16
2.18
1.52
2.36
1.58
3.62
1.04
1.52
1.04
1.02
1.12
1.97
1.51
1.22
1.21
1.89
1.01
1.49
1.01
2.25
2.43
1.72
1.15
4.42
1.07
1.09
1.91
1.85
2.69
1.04
1.36
1.08
1.24
1.57
3.24
1.67
10.15
1.09
4.78
1.46
1.22
4.09
1.04
1.08
1.79
3.49
1.13
2.46
1.21
1.21
1.04
2.65
1.29
1.81
2.1
1.7
1.24
1.79
21.56
1.08
1.04
1.0
2.12
1.19
4.38
6.15
1.78
1.56
2.87
1.34
2.74
1.54
1.73
5.96
2.02
1.05
3.13
1.42
1.89
2.04
10.4
2.51
2.73
1.29
2.77
7.74
3.87
1.26
1.28
5.38
1.0
1.24
1.09
11.0
1.75
15.96
1.6
2.94
3.11
1.02
32.91
10.98
61.04
1.35
1.48
2.46
2.49
1.33
1.95
1.04
3.66
1.17
1.26
1.08
4.05
1.13
12.34
1.09
4.09
6.52
1.58
2.36
1.54
1.2
2.78
2.43
4.16
1.47
3.83
1.43
2.43
41.43
2.42
4.9
2.9
1.1
1.63
2.4
1.71
2.52
54.73
1.84
4.58
1.52
1.13
1.75
1.72
1.36
1.3
1.04
5.62
13.64
2.04
1.06
2.66
2.06
2.59
6.28
1.69
15.14
3.82
4.23
2.42
1.39
1.0
1.23
1.17
1.2
1.65
1.22
1.22
1.53
3.25
9.07
4.95
1.92
3.13
2.88
2.62
3.4
1.0
1.86
1.24
2.06
1.0
1.03
1.17
3.2
1.16
12.74
2.47
2.04
1.03
2.95
3.09
7.13
1.02
1.38
1.76
4.75
1.5
1.2
1.24
7.92
2.12
8.04
2.15
1.1
24.73
3.35
1.28
1.0
1.9
1.92
1.5
1.0
1.79
2.53
1.74
13.53
5.24
2.11
81.99
1.94
1.95
1.14
2.6
9.07
1.26
1.07
3.28
1.01
5.56
1.19
2.0
1.52
4.0
1.35
1.03
1.28
18.44
7.23
1.15
44.03
1.46
1.06
2.46
2.36
1.06
1.8
9.9
1.99
4.92
4.02
2.01
3.27
1.02
8.92
33.42
2.05
2.28
4.54
2.59
1.37
3.58
1.35
3.86
3.05
1.38
3.89
1.12
4.47
11.51
8.33
1.02
3.24
5.87
1.1
1.02
1.1
2.97
3.47
1.3
5.12
2.77
2.75
3.9
2.64
1.26
7.08
75.42
1.52
2.2
1.11
6.99
1.09
2.3
1.09
1.76
8.26
1.24
1.0
1.73
2.99
1.0
3.99
6.36
1.03
1.67
2.12
2.39
1.06
1.17
2.63
2.51
2.19
1.17
9.55
1.08
1.7
1.53
1.04
1.29
1.46
1.84
1.51
1.28
8.66
2.9
1.85
45.79
3.11
4.54
1.04
1.0
1.38
7.11
2.67
2.8
1.74
3.17
5.4
1.74
1.19
1.61
2.9
1.28
4.63
1.85
1.07
22.62
4.95
1.85
1.72
1.37
1.85
1.15
9.91
1.27
8.23
1.44
4.48
1.17
1.88
1.04
1.3
2.88
2.89
2.2
1.16
3.1
1.54
1.63
1.33
1.8
4.54
13.21
1.12
1.71
1.45
1.08
12.82
1.29
1.01
2.38
1.36
32.93
1.46
2.18
2.3
2.31
2.18
2.42
9.76
1.83
5.67
2.06
2.18
1.25
4.8
1.42
2.49
2.93
1.18
2.31
1.37
4.59
1.1
4.58
2.81
1.24
303.25
3.12
1.27
5.04
1.83
9.97
11.98
14.52
1.46
1.3
1.61
1.08
39.72
1.67
1.35
1.78
1.52
1.12
1.99
4.19
1.21
5.2
1.14
59.41
4.53
1.22
1.2
1.49
1.64
9.01
1.52
1.41
1.75
3.53
1.0
709.83
1.41
1.72
2.79
12.93
2.79
2.32
1.15
3.46
3.12
3.69
2.93
2.95
121.17
4.16
1.55
2.19
1.19
1.46
3.82
50.85
1.62
7.76
12.69
8.53
3.73
89.16
1.17
1.94
1.03
1.73
4.11
1.74
10.6
1.29
1.1
1.3
1.0
1.19
2.21
6.78
3.9
1.54
5.83
1.47
2.99
2.54
1.18
1.32
1.49
6.4
1.57
1.63
2.6
1.32
6.72
3.74
1.63
2.15
1.45
5.07
1.0
3.83
1.15
1.06
1.56
1.68
9.86
1.19
1.2
1.39
3.32
2.08
1.26
1.88
1.09
1.65
1.9
1.71
1.03
4.16
1.79
6.05
4.58
1.16
5.0
19.03
2.4
1.12
1.13
1.66
1.47
1.87
1.65
1.27
1.06
3.74
26.06
1.82
1.94
1.17
2.53
1.37
1.4
3.47
2.22
2.27
3.39
1.4
1.1
4.37
1.96
1.18
10.13
1.13
1.26
1.46
2.76
1.03
5.58
1.07
1.45
1.04
1.44
1.17
5.77
1.2
1.05
62.46
3.01
1.68
1.2
2.66
2.69
6.62
4.06
1.28
2.31
2.32
1.79
1.53
1.72
3.65
5.05
6.23
9.91
1.38
48.0
1.02
10.0
11.83
1.02
2.79
1.32
1.26
2.9
1.31
7.67
1.03
2.59
3.27
1.4
24.3
1.83
5.95
1.93
4.49
1.0
13.35
1.11
2.76
1.05
2.3
1.06
1.92
1.03
16.27
1.97
2.17
1.16
1.06
3.06
1.42
2.15
1.28
5.36
1.88
8.32
2.59
1.19
1.13
1.44
1.75
5.68
2.94
4.9
5.34
7.86
1.18
10.89
1.24
1.01
17.82
1.55
3.74
5.96
1.29
1.11
14.61
1.52
1.29
4.24
1.0
1.36
1.77
1.06
4.16
1.24
66.28
5.21
3.43
10.7
1.93
1.77
13.57
1.05
7.94
1.36
1437.31
12.31
1.0
3.2
2.56
3.99
1.41
1.69
1.53
1.21
3.75
5.53
2.11
15.39
5.73
6.24
6.47
1.23
1.91
1.12
22.36
1.08
41.93
6.51
1.51
1.08
1.43
1.37
3.11
1.74
1.14
2.46
5.46
1.34
1.77
3.01
3.8
1.36
6.85
2.7
14.36
25.2
