5.92
1.07
186.87
2.2
3.5
1.33
1.01
2.17
2.28
1.41
9.16
6.17
1.11
1.2
1.31
1.15
12.15
12.04
115.37
2.24
2.5
1.36
1.47
1.06
12.71
2.45
3.47
68.33
4.07
1.66
1.13
4.11
1.63
1.45
6.49
1.33
14.23
1.46
1.0
3.92
2.84
23.44
4.1
2.23
1.71
1.1
2.17
1.87
1.0
1.45
1.76
3.65
4.57
37.77
1.15
2.05
1.16
1.04
1.84
2.88
1.26
3.69
3.57
1.93
2.14
4.26
1.43
5.65
1.24
2.36
1.77
1.13
5.15
2.31
4.72
2.06
4.35
1.0
1.31
1.07
1.27
1.57
2.98
1.86
1.44
7.11
2.99
2.23
1.41
1.04
28.27
2.12
1.64
6.01
3.45
2.59
2.42
1.08
6.14
4.43
1.1
5.05
1.37
2.44
1.19
1.19
6.45
9.14
1.0
1.29
1.85
2.21
1.24
1.47
1.86
1.48
1.17
4.89
2.36
1.08
1.54
1.87
1.09
1.38
2.53
6.6
1.44
14.6
1.14
32.01
3.17
1.06
2.11
1.0
1.18
1.89
1.93
1.26
2.72
4.8
2.15
1.03
1.4
1.25
2.47
1.85
2.39
1.21
1.56
4.49
1.16
4.31
4.4
2.48
1.01
16.74
2.86
2.62
1.43
1.08
2.26
1.29
2.47
1.74
1.99
2.9
1.63
2.33
1.31
1.03
1.31
1.08
1.83
1.27
35.54
6.43
1.3
1.3
3.15
4.46
1.53
1.34
3.31
15.78
1.95
2.03
2.71
1.29
1.86
6.58
1.33
13.91
13.88
3.75
2.72
4.13
1.41
34.0
1.03
37.7
1.44
9.86
1.01
1.5
2.35
9.22
1.16
3.2
4.88
1.24
1.24
1.45
1.23
8.1
2.84
1.06
1.3
1.4
4.5
1.87
1.04
241.26
1.68
10.0
1.17
1.23
1.05
3.33
2.0
2.26
83.56
2.64
9.66
2.11
1.75
1.12
1.75
1.53
4.84
1.3
1.8
1.52
5.32
2.27
6.36
3.03
10.0
11.13
4.99
15.32
12.51
1.5
6.86
1.85
1.77
1.53
1.42
1.81
3.6
4.76
1.31
1.64
1.32
2.99
8.19
1.17
2.71
1.84
2.81
1.17
3.93
1.62
2.63
2.82
1.09
2.53
1.13
1.04
1.47
1.7
1.55
1.15
1.62
1.01
2.08
2.44
1.72
1.91
5.21
1.13
4.09
1.14
3.96
2.3
106.0
2.99
1.22
4.79
2.83
3.2
1.51
4.5
3.63
2.93
1.89
2.38
3.51
12.19
1.05
1.45
2.46
9.1
1.26
1.12
1.93
3.38
2.11
1.49
1.41
3.77
1.82
3.17
4.82
6.73
1.64
6.99
2.78
23.05
1.31
3.21
2.1
4.01
2.69
11.38
1.14
1.29
2.8
66.4
1.44
5.06
1.1
2.22
7.97
1.3
1.33
1.13
5.31
2.72
2.03
2.83
300.0
9.54
1.88
1.82
1.6
1.11
2.64
13.36
1.12
2.45
1.22
1.58
2.01
2.26
3.25
1.39
1.95
2.6
1.07
1.16
8.04
1.86
1.18
1.7
1.19
3.26
1.32
2.73
2.07
3.2
2.74
4.39
2.96
1.8
6.3
1.28
1.16
1.97
2.1
1.01
2.16
3.57
1.46
1.2
1.63
1.97
2.29
5.67
13.1
3.63
3.94
1.94
1.38
1.16
4.4
1.1
1.7
2.68
3.97
1.53
1.21
1.04
22.74
2.75
1.92
1.71
1.01
1.63
9.8
1.21
1.42
12.49
1.76
1.11
2.12
9.62
1.49
1.16
2.74
1.19
1.11
1.69
9.34
27.71
1.01
1.7
11.45
2.17
1.64
5.72
1.37
1.22
1.4
1.06
1.46
1.13
1.87
3.22
1.65
6.05
19.45
3.14
1.38
2.08
1.81
3.14
2.9
1.53
1.52
5.04
2.92
1.01
7.92
1.47
1.22
1344.83
1.82
1.23
1.62
2.11
1.51
6.01
1.43
6.66
9.32
9.85
6.16
1.04
19.62
16.96
1.56
1.38
1.6
2.52
1.68
2.23
1.66
1.88
2.03
3.46
3.28
4.87
2.57
1.84
54.43
1.21
1.03
8.55
1.22
2.12
1.0
1.02
12.12
1.55
2.26
2.02
1.84
1.3
1.34
1.03
1.45
4.48
1.7
4.99
1.39
2.4
3.82
2.3
1.29
7.45
2.32
1.36
1.03
2.47
1.38
3.78
1.03
9.98
1.5
1.25
2.67
1.54
1.63
21.76
1.26
1.38
2.29
5.86
6.78
1.39
1.4
2.12
1.3
54.16
3.56
2.99
4.87
1.68
2.46
4.63
1.12
1.78
8.21
1.8
1.36
2.69
4.96
1.04
1.51
39.41
3.77
1.78
6.62
4.26
1.69
31.76
2.57
11.96
2.69
1.22
1.35
1.56
1.85
4.15
1.43
1.11
1.91
1.0
1.85
1.09
1.0
1.3
1.19
2.89
3.93
1.36
1.66
1.34
1.15
2.79
2.11
6.41
1.11
1.06
2.02
7.38
15.25
2.92
1.68
1.18
2.2
2.87
1.12
3.0
1.17
1.07
15.1
1.21
1.56
2.98
1.22
1.19
1.4
1.35
2.41
2.51
1.03
1.73
1.06
1.07
3.01
2.55
1.2
1.84
1.75
1.01
2.73
5.7
46.76
3.77
1.82
1.02
1.33
2.11
1.2
5.28
1.6
1.96
1.13
1.02
1.97
8.02
1.88
4.39
4.08
4.04
1.3
28.73
1.57
15.72
1.69
1.22
2.0
1.15
1.08
1.22
2.02
1.27
1.82
1.11
1.05
3.34
1.18
3.94
3.88
2.03
11.05
1.36
7.13
5.78
1.3
4.48
1.18
1.01
5.46
1.27
2.84
4.01
1.62
1.66
1.11
2.8
2.4
2.9
1.13
2.33
9.95
2.27
1.28
5.19
2.9
1.66
1.19
1.62
2.24
1.25
1.1
1.48
4.6
1.38
12.85
1.52
3.11
1.54
1.46
2.83
1.29
1.0
2.11
4.99
1.75
2.82
1.62
1.06
4.58
4.61
1.34
1.1
1.35
8.26
6.0
1.52
2.7
2.1
3.46
2.79
9.13
1.07
1.32
2.48
1.24
6.95
9.13
105.0
1.02
11.5
4.6
1.27
1.84
1.53
1.08
18.52
1.31
4.11
1.02
1.55
300.0
1.09
1.65
26.67
8.16
6.25
2.15
1.11
1.8
1.3
1.01
1.51
1.05
1.02
1.53
1.24
3.05
3.23
1.06
1.0
3.85
2.81
2.55
6.97
2.17
1.0
4.03
1.35
2.95
1.12
2.54
1.44
13.59
5.93
4.8
1.33
6.1
3.81
1.41
1.44
1.71
1.57
5.06
1.34
19.84
2.05
1.66
2.61
1.31
1.25
1.7
2.54
6.25
2.04
2.99
1.95
2.01
8.68
1.2
2.04
4.3
111.72
1.14
5.73
5.08
1.53
1.49
1.63
1.27
4.22
1.82
1.9
106.0
1.0
6.46
4.12
4.58
17.18
6.0
10.0
1.16
1.6
10.0
2.48
1.05
7.76
1.02
1.22
1.66
2.18
1.2
1.45
2.17
7.75
2.04
1.88
2.06
1.48
4.15
1.14
1.15
1.1
1.21
2.87
13.91
3.5
1.16
2.08
1.11
1.66
8.99
4.86
1.16
1.0
1.14
1.19
1.12
1.07
1.55
1.56
1.53
4.59
1.73
1.16
2.92
1.52
2.18
6.93
1.11
4.26
1.18
8.05
1.7
1.24
2.21
1.42
8.05
1.82
7.64
2.02
1.02
1.76
1.03
2.97
1.25
4.87
1.39
1.1
2.23
3.02
1.49
2.15
26.54
2.44
1.0
1.79
5.79
1.02
1.59
31.73
2.05
2.99
1.42
9.96
1.08
1.85
2.79
26.08
1.43
1.14
2.11
1.57
2.46
1.66
1.03
1.05
3.65
1.6
1.59
1.41
2.22
3.67
1.32
2.25
2.12
4.22
1.02
62.57
1.27
51.56
1.14
2.14
2.31
2.55
1.84
1.86
1.06
1.66
6.79
1.04
2.09
7.0
1.48
3.33
1.72
13.46
1.34
1.15
1.97
17.96
2.64
4.71
2.04
1.77
1.18
2.42
3.22
3.33
1.28
2.11
4.3
1.47
2.58
1.01
2.25
1.92
6.99
1.1
1.64
3.32
1.43
3.98
1.4
1.83
11.65
4.0
1.52
85.09
3.09
1.12
1.48
29.16
3.98
1.39
1.42
1.25
1.68
2.0
1.08
9.24
1.05
1.09
1.19
1.35
200.0
73.62
5.01
11.44
2.41
1.77
1.31
3.52
1.24
3.15
1.96
7.7
4.19
6.04
1.24
6.4
5.7
1.41
6.48
3.71
3.89
1.59
37.71
1.44
1.2
1.02
1.0
7.73
7.66
1.49
1.0
4.19
5.31
1.57
3.91
2.76
1.56
11.38
1.04
1.08
3.66
1.89
1.75
1.26
1.37
1.43
2.04
1.2
1.35
1.28
6.64
1.03
1.51
34.28
1.39
1.03
1.68
1.69
7.43
2.89
2.53
1.83
2.57
1.43
1.19
2.11
4.69
1.34
9.84
9.83
1.1
1.65
1.46
2.56
2.32
1.06
20.0
4.94
8.91
7.34
2.09
1.24
1.11
1.19
1.66
2.08
1.11
5.89
6.45
1.88
1.0
22.24
1.28
1.36
51.85
10.0
1.05
1.07
1.32
1.21
3.44
29.09
1.73
1.51
9.13
7.74
4.36
5.53
6.58
1.89
1.34
1.08
4.91
1.97
3.24
1.48
1.14
1.37
1.1
1.16
1.66
1.13
1.79
2.35
6.67
1.07
1.19
1.18
2.63
1.1
5.92
1.01
185.33
3.29
1.81
1.17
7.49
4.34
2.25
1.36
1.05
1.46
14.88
2.14
3.63
1.33
12.03
1.04
2.97
1.7
1.19
2.03
12.75
14.84
1.11
2.7
1.08
2.54
2.01
7.83
2.2
2.02
1.18
1.83
2.09
3.75
1.25
1.1
2.29
2.17
1.07
1.66
134.19
1.09
1.03
1.77
1.04
1.17
2.2
1.09
1.6
36.76
1.15
1.58
1.2
1.01
4.16
1.16
1.29
10.0
1.08
1.12
5.58
19.76
1.31
2.35
1.94
5.49
1.45
2.2
1.8
3.59
1.44
27.28
1.83
1.06
1.78
1.47
5.42
1.49
1.43
1.0
1.66
1.41
3.33
7.72
1.48
88.79
2.51
2.15
1.84
3.5
2.29
9.67
7.2
3.87
3.22
1.19
1.29
1.1
2.8
1.11
2.03
1.46
3.7
59.54
1.22
2.04
2.1
1.15
2.38
2.91
25.1
23.26
1.44
6.94
1.27
1.38
2.18
1.86
2.23
3.05
9.35
3.12
3.23
4.59
1.61
1.63
1.15
2.0
2.38
1.11
1.9
14.82
1.32
2.53
3.75
2.89
1.2
2.66
1.52
1.68
1.54
1.16
6.16
1.29
2.02
1.35
1.02
1.14
2.9
1.73
7.51
1.1
1.45
4.51
1.77
9.27
1.72
1.56
87.77
2.09
1.52
1.81
6.28
1.17
1.18
1.13
1.69
14.95
1.68
1.38
6.99
1.5
2.77
1.12
1.15
1.3
1.14
5.4
1.09
10.0
4.36
3.24
3.94
3.06
1.55
2.91
1.39
3.56
2.71
20.0
7.3
1.4
1.4
30.0
19.04
1.16
70.0
1.45
10.0
3.95
2.57
1.82
1.77
25.26
1.02
14.0
3.18
1.17
22.83
1.08
5.12
8.72
1.56
2.93
1.03
2.81
1.66
2.3
5.76
9.37
1.13
4.26
1.52
1.36
1.2
1.33
1.04
1.01
2.43
70.0
3.95
3.56
2.97
2.23
1.7
6.92
1.88
2.72
1.01
2.33
2.67
3.4
1.0
27.96
2.95
2.52
1.09
1.46
5.69
1.07
1.94
4.74
1.08
1.14
1.47
1.72
3.83
11.37
3.17
2.91
6.4
1.15
1.5
1.8
1.39
1.07
2.92
2.12
4.4
1.05
1.0
7.48
6.12
2.07
1.9
1.14
10.0
16.54
4.14
1.62
1.02
1.07
1.87
1.81
1.84
1.27
1.51
11.83
2.4
1.09
1.6
1.34
1.33
1.16
1.71
1.09
2.14
4.62
2.81
26.3
1.16
7.27
3.03
1.67
1.59
4.38
3.14
1.06
5.68
10.0
4.13
12.06
1.04
1.36
1.2
2.52
1.19
2.22
2.23
2.04
2.32
7.93
1.03
1.67
3.01
1.0
1.94
1.69
1.85
1.88
1.25
2.72
2.79
1.81
85.33
4.74
3.68
1.04
60.0
1.34
1.13
1.59
3.65
1.38
1.05
1.03
2.61
2.48
7.26
1.44
2.65
35.28
1.46
3.43
3.92
1.0
5.75
1.12
6.22
2.63
1.31
5.84
16.5
2.08
2.87
1.04
122.98
3.51
3.67
1.27
1.02
1.45
1.0
1.32
2.51
1.0
3.36
2.44
1.22
1.01
1.25
2.18
1.37
1.0
1.67
5.5
4.34
1.62
1.02
1.33
1.68
1.69
5.52
2.32
1.71
9.12
4.99
2.82
3.06
1.18
1.7
1.71
1.2
1.88
8.69
2.13
4.47
1.42
7.34
2.73
1.0
4.38
1.0
1.03
1.6
1.48
1.38
1.3
1.62
1.13
1.04
1.32
1.48
2.76
6.06
3.56
1.14
4.63
1.54
1.34
1.02
4.15
6.59
123.49
15.9
1.16
2.07
1.66
1.76
112.92
2.66
3.34
1.87
1.52
1.31
1.21
1.66
7.33
2.42
1.16
4.4
1.0
2.95
6.54
1.61
3.62
1.68
10.0
1.61
9.84
1.0
1.3
3.22
1.19
1.1
1.05
5.16
8.89
2.17
1.97
5.02
1.36
2.85
1.55
1.1
4.83
1.16
1.13
5.02
9.32
1.46
1.76
1.2
1.13
1.0
3.29
2.11
2.57
1.09
36.51
1.57
1.76
1.06
1.21
1.08
2.19
1.58
4.51
1.43
1.11
1.64
1.39
8.31
1.64
3.08
1.79
1.62
1.0
1.01
2.89
1.14
2.55
4.89
3.47
2.57
131.69
3.01
1.14
1.05
1.19
1.03
2.11
86.45
1.25
1.58
8.33
3.47
9.04
1.06
1.38
1.5
1.0
12.17
1.0
2.25
1.72
20.0
1.07
1.73
1.23
3.25
2.43
1.37
1.45
1.63
1.34
1.77
1.23
4.19
1.12
1.88
26.06
2.06
4.54
2.41
1.24
3.47
12.2
1.08
1.58
2.79
1.94
1.29
8.72
2.68
1.01
15.41
2.18
16.4
1.31
2.1
3.63
1.05
1.08
38.25
1.86
1.67
1.54
3.6
1.62
3.25
1.97
1.16
2.57
2.79
1.58
1.54
1.95
1.11
3.4
1.05
5.85
1.0
1.05
3.59
1.32
4.03
1.57
1.35
2.33
1.17
1.75
1.45
20.0
1.5
2.94
2.38
5.46
5.13
1.01
1.12
10.0
1.04
1.13
1.45
1.7
1.45
2.3
4.01
2.12
1.72
1.27
2.41
3.03
1.2
1.2
8.51
10.0
3.18
1.0
4.65
1.85
1.53
1.9
1.32
1.04
2.43
2.23
9.47
1.06
1.2
2.91
14.49
2.25
9.53
29.94
1.23
1.26
10.0
1.49
1.24
2.34
2.62
1.61
8.28
1.03
5.59
2.88
2.33
2.06
1.09
1.18
6.84
1.03
3.12
1.05
4.43
1.35
5.97
1.49
4.05
4.47
1.15
1.73
378.57
78.12
4.64
1.37
6.21
1.76
22.38
2.78
1.59
4.74
6.93
1.19
1.43
166.34
1.14
9.24
2.32
1.47
1.0
3.75
4.73
2.55
1.6
6.02
1.19
1.17
1.01
6.76
4.46
2.21
1.87
2.2
1.75
7.84
2.51
1.13
1.31
3.36
2.01
1.27
1.3
1.69
60.0
2.22
1.1
6.88
1.85
1.15
1.34
62.6
1.03
7.65
1.92
4.49
2.36
1.48
1.63
1.24
3.89
1.43
3.63
1.45
1.32
2.12
2.47
4.46
1.9
1.72
1.21
15.0
2.9
2.95
2.47
7.82
1.25
2.58
1.3
2.51
1.19
2.75
1.41
19.49
2.67
5.36
1.81
1.06
1.07
13.77
1.73
5.72
1.43
1.83
1.6
5.29
1.95
2.24
4.09
1.49
2.74
3.89
1.69
1.88
3.11
1.56
2.09
1.14
2.93
4.78
1.09
3.04
8.92
4.11
1.24
4.1
1.43
4.51
3.48
1.35
1.3
3.5
31.44
6.25
1.29
1.64
3.13
4.11
1.04
1.88
10.0
2.16
3.11
5.3
1.66
1.46
5.13
5.09
12.71
1.48
8.75
1.41
16.01
2.97
1.14
2.25
1.0
1.35
1.51
1.8
4.66
3.2
1.58
1.58
1.43
2.65
6.33
1.59
4.77
32.79
6.25
5.69
1.02
23.59
23.08
1.04
1.08
1.98
2.94
1.23
1.53
6.7
1.15
1.47
5.17
2.95
1.1
1.26
3.12
1.24
11.58
1.95
1.42
3.78
1.73
1.13
116.6
1.7
11.46
7.91
1.07
6.05
2.91
25.61
1.38
2.56
2.21
2.75
1.11
1.17
2.27
1.38
1.31
2.65
2.35
2.16
1.68
2.68
1.04
1.06
1.99
6.04
3.62
3.21
1.81
1.87
2.11
1.87
2.95
3.28
1.75
4.34
1.29
2.79
3.63
1.01
28.99
1.0
1.56
1.36
198.85
1.9
1.4
1.06
1.0
2.29
1.34
3.78
3.05
2.15
5.09
2.68
5.71
1.26
2.72
78.65
2.01
5.71
1.7
1.73
1.57
1.01
5.52
1.68
3.94
1.03
1.28
2.6
1.01
1.7
4.46
7.45
1.14
2.13
3.34
1.39
1.46
1.05
1.72
1.29
22.4
154.28
1.51
1.69
2.49
2.35
3.4
2.94
7.95
2.37
1.21
33.94
1.15
1.36
8.94
3.62
1.53
1.2
1.18
15.86
1.04
1.02
1.36
1.72
1.67
3.51
65.44
16.08
1.25
1.1
1.62
6.24
1.11
2.93
1.12
1.93
1.79
9.39
1.3
1.42
19.39
1.15
1.19
1.55
2.9
13.52
1.42
1.82
1.13
3.88
3.38
1.55
1.0
2.73
1.6
2.13
2.77
1.24
1.15
1.17
1.46
1.54
1.74
1.84
17.65
1.32
2.46
1.73
1.27
5.89
1.08
3.19
1.55
8.6
2.51
4.28
1.33
1.29
1.24
2.45
1.07
1.02
1.16
1.56
11.83
2.75
2.24
1.05
1.23
2.12
1.43
1.8
1.24
1.0
3.75
1.0
1.17
1.43
1.79
1.18
1.02
1.32
4.11
5.32
2.73
1.16
48.52
3.36
1.02
1.17
3.51
1.27
2.02
7.86
1.64
1.18
2.24
7.83
25.41
1.45
2.97
1.21
1.6
1.2
1.43
1.98
1.04
1.69
1.22
1.64
1.28
2.42
1.77
1.93
2.12
1.23
1.05
1.69
2.18
12.19
1.81
1.0
1.36
125.21
1.4
1.28
1.38
1.08
3.24
2.29
2.04
96.78
1.69
1.03
1.52
2.42
105.0
2.03
2.89
