5.62
1.04
1.25
16.67
1.28
1.75
1.76
4.59
40.15
11.1
7.59
1.1
1.23
3.85
5.53
1.05
1.47
1.08
8.23
1.16
4.53
1.26
1.22
1.74
1.35
1.33
9.25
4.32
1.34
7.5
1.48
2.11
25.72
1.13
1.63
7.59
1.15
2.0
1.57
1.56
1.3
1.4
5.6
1.25
6.39
2.51
1.84
4.05
2.16
1.03
1.68
3.71
3.9
1.21
1.38
2.01
1.06
9.86
1.23
26.48
1.22
1.06
19.34
12.32
1.45
1.17
1.64
3.1
2.56
1.11
1.36
1.64
3.26
1.09
5.36
1.18
1.14
1.34
1.78
2.03
6.89
1.55
2.15
5.83
2.11
3.17
3.46
1.13
5.94
1.42
2.46
16.0
1.41
1.11
2.81
1.55
1.21
1.92
1.0
1.28
1.91
20.97
6.63
12.79
1.39
1.15
2.69
4.23
1.26
2.81
6.82
1.06
4.42
4.33
1.43
1.73
1.17
2.89
1.73
1.21
1.11
4.89
1.23
2.69
1.85
10.64
1.87
4.27
1.64
1.1
11.33
2.41
4.74
1.28
3.2
2.02
5.03
13.49
1.53
2.54
1.25
5.09
1.26
3.62
1.26
1.29
4.41
1.05
1.77
2.49
3.74
9.29
1.1
1.87
2.76
7.63
2.58
3.32
1.28
1.26
1.96
2.18
1.16
1.27
12.41
2.1
1.12
14.81
13.4
1.28
5.05
1.63
2.93
3.45
2.38
1.06
2.89
1.27
9.19
1.62
1.08
3.24
8.56
12.0
1.69
2.53
1.73
1.98
6.42
1.41
1.34
17.45
1.67
1.09
11.73
1.54
2.02
1.08
1.33
8.72
4.21
1.12
15.11
6.98
2.68
4.25
1.54
2.52
5.11
1.3
11.14
1.35
4.42
11.36
2.91
6.94
2.44
6.91
12.8
2.43
5.99
1.61
14.04
55.5
1.0
9.8
1.17
1.74
8.51
24.45
2.4
11.64
1.13
2.6
1.97
1.78
1.45
28.57
2.45
1.46
2.3
9.87
3.33
5.75
1.1
7.5
2.26
10.74
1.51
2.71
1.72
1.33
4.58
1.15
1.58
5.33
2.88
1.4
4.18
1.96
8.12
4.58
2.16
3.25
1.32
2.31
1.26
1.26
9.25
1.0
1.8
1.67
7.2
1.67
1.2
1.81
1.22
1.26
3.65
4.01
1.14
3.59
1.98
1.21
1.21
1.37
2.7
9.59
11.26
4.97
1.55
1.2
2.03
1.61
4.18
1.17
3.88
1.7
1.32
3.79
1.32
20.72
1.56
2.59
4.31
1.95
2.27
3.96
2.26
1.57
3.72
1.04
13.21
1.72
1.06
1.21
1.95
2.17
1.63
1.85
1.13
1.81
2.12
1.28
1.84
2.3
1.76
1.83
1.07
1.02
1.47
1.76
1.46
4.93
1.19
1.25
1.77
3.43
1.82
1.53
22.49
1.06
5.51
3.05
1.58
1.69
6.74
1.39
1.01
1.2
1.44
1.47
1.22
1.81
1.04
6.42
2.4
1.74
1.83
1.0
3.69
2.23
1.19
1.04
1.03
1.63
6.0
1.12
2.0
2.52
3.02
1.34
2.02
10.97
1.13
3.17
9.59
1.06
1.05
5.51
1.87
1.61
1.64
3.72
54.37
1.64
7.07
1.62
55.6
1.17
1.82
20.98
5.99
1.12
3.09
2.38
40.33
1.45
1.07
1.2
1.5
1.35
4.59
1.07
4.05
14.1
1.34
158.48
1.12
2.62
45.94
15.88
1.67
77.33
1.88
1.04
5.03
3.39
2.25
2.28
2.94
1.26
1.05
1.02
1.67
1.19
1.11
1.19
4.85
1.65
4.3
1.54
1.62
3.3
1.56
1.23
1.24
39.24
2.25
2.27
1.45
1.51
2.6
7.82
3.1
2.12
1.92
1.04
18.87
1.62
2.1
2.6
1.83
1.66
1.55
20.43
1.06
6.83
3.44
3.34
1.69
6.08
1.04
2.28
1.42
4.57
16.0
1.05
5.13
1.33
1.75
7.81
1.19
4.6
1.2
3.88
13.28
1.5
1.87
2.4
4.8
2.61
2.67
1.09
3.85
1.59
11.44
15.95
19.98
3.29
2.14
35.71
1.26
4.37
1.46
1.67
1.18
1.24
2.61
3.9
1.23
1.7
1.53
17.82
2.52
1.38
16.35
1.35
3.41
2.82
1.36
1.44
4.97
1.58
4.4
1.37
2.04
1.28
1.44
1.71
6.52
3.43
1.49
1.34
2.62
3.86
1.32
1.59
1.39
68.07
1.71
1.48
25.35
25.77
6.11
1.85
2.91
1.02
1.71
1.82
5.17
2.15
1.23
12.15
4.63
5.89
1.93
1.22
2.55
1.65
1.35
2.49
4.28
1.33
2.4
1.17
1.36
3.22
1.97
1.3
1.43
5.67
1.3
1.46
1.27
1.56
5.6
1.68
1.33
25.04
14.18
1.47
1.32
2.33
1.53
4.31
6.78
2.13
2.41
1.18
1.0
1.62
1.14
2.26
2.33
1.21
21.1
162.64
1.71
1.39
1.09
2.15
1.31
1.05
9.83
1.51
1.25
1.77
3.34
2.29
1.76
1.16
1.83
15.08
2.02
1.15
10.58
1.62
1.22
2.27
1.19
3.13
3.95
1.02
1.74
1.09
5.42
1.19
1.32
1.25
1.21
1.22
1.45
6.27
5.11
2.36
30.17
1.33
1.31
1.54
1.15
1.3
5.57
1.19
1.97
1.08
1.13
11.94
1.44
1.22
3.19
13.04
1.21
1.61
1.52
6.38
1.66
4.75
3.85
2.19
1.16
1.4
1.53
1.07
4.5
1.38
4.68
1.0
3.45
2.23
1.27
2.41
1.63
3.9
1.16
1.44
1.12
3.77
1.94
3.02
2.29
3.18
1.07
9.65
67.6
1.75
5.69
2.37
16.98
4.5
1.5
1.1
1.65
27.27
13.78
29.0
3.1
1.8
2.44
2.05
7.15
1.18
1.28
107.92
2.76
1.56
1.45
4.77
4.85
1.91
1.0
5.08
1.2
1.99
1.54
3.05
9.32
2.58
2.82
5.3
1.09
4.8
2.01
44.97
1.06
1.78
8.45
1.76
12.3
1.41
2.77
4.03
8.45
1.51
1.53
4.15
7.17
2.04
1.11
1.66
1.02
7.74
7.67
2.49
76.25
4.31
2.62
3.19
1.97
1.25
6.47
3.08
8.56
7.79
6.26
1.2
2.5
1.68
1.2
6.45
1.99
3.34
1.34
1.0
1.6
1.23
2.8
17.62
1.44
35.64
14.09
2.27
1.13
409.33
15.1
3.93
2.47
3.17
2.03
3.9
2.16
1.83
1.68
2.48
1.9
2.33
1.56
1.42
9.69
1.99
1.3
1.05
6.59
3.95
1.26
1.97
3.26
1.39
1.25
1.0
1.09
1.63
1.36
10.39
2.42
4.5
1.14
5.52
1.52
1.47
123.51
1.78
2.38
1.3
1.15
2.47
22.14
35.72
2.53
3.73
2.31
1.72
1.53
1.36
4.1
11.21
1.07
1.72
1.08
12.47
2.07
3.76
1.0
4.4
35.22
4.82
3.22
1.57
2.29
1.12
3.28
1.12
2.84
1.67
2.46
7.08
1.69
21.66
1.73
3.05
1.51
8.25
4.39
1.9
2.91
10.2
1.09
5.33
5.57
2.4
3.26
3.13
18.48
3.66
2.67
2.05
1.98
7.54
2.32
1.31
1.22
2.06
1.68
6.69
1.96
4.74
5.94
2.11
4.13
1.97
1.25
3.39
2.58
1.77
1.41
2.23
4.4
1.68
4.6
3.9
4.98
1.65
2.34
1.75
2.78
2.31
7.34
3.73
1.61
1.44
1.03
14.6
3.35
1.57
1.1
4.94
3.77
2.38
6.76
2.43
3.75
1.25
4.8
8.44
8.52
1.22
2.25
2.09
2.17
7.31
3.17
3.72
2.26
1.76
1.29
3.4
5.0
2.45
47.39
4.4
8.45
2.6
1.51
1.23
8.41
1.72
44.48
7.26
5.78
1.85
1.16
2.98
1.22
1.5
2.58
4.2
1.32
1.94
3.54
1.42
3.07
3.22
1.42
2.38
1.45
3.91
1.33
1.0
1.59
1.56
3.14
3.69
5.0
1.67
1.67
2.12
2.36
1.39
2.2
1.58
6.23
4.97
1.44
1.36
1.74
1.51
1.12
17.3
2.14
3.59
2.86
1.18
1.27
1.98
2.29
1.01
2.35
1.13
13.67
2.36
11.37
3.46
5.8
2.51
1.05
4.6
4.5
3.68
1.72
1.5
1.18
2.01
1.96
1.72
1.48
7.23
2.72
1.41
1.77
3.48
2.41
1.01
2.7
1.67
1.52
8.07
2.26
1.24
2.5
10.23
1.8
8.75
1.15
1.25
1.27
3.55
4.8
1.12
2.7
1.6
1.45
35.86
3.14
6.15
1.05
7.6
1.11
2.1
9.05
1.02
176.3
1.26
1.75
1.36
4.11
3.07
7.04
2.97
1.87
1.75
4.27
2.66
10.22
27.89
9.33
2.21
18.73
1.29
1.92
4.4
15.43
3.03
2.68
1.72
27.18
2.7
2.16
1.09
1.4
2.0
4.8
1.06
1.85
3.39
3.67
2.51
2.22
1.2
8.44
1.05
2.74
3.2
7.68
2.47
5.95
4.12
4.87
1.44
1.96
1.8
2.15
1.37
2.93
1.76
4.55
0.6
8.76
4.4
16.7
12.38
1.93
1.5
1.2
2.64
3.23
2.39
1.15
1.89
2.19
3.4
6.22
6.18
4.14
1.23
9.11
2.37
1.23
1.23
5.95
3.92
18.03
0.3
48.9
1.62
2.27
2.0
4.7
3.58
1.88
1.81
2.71
1.21
1.9
3.13
1.99
6.33
1.37
3.14
3.92
1.23
5.49
1.71
3.44
3.44
1.55
1.66
9.95
1.8
2.26
95.28
1.25
2.83
229.35
3.9
2.27
2.65
3.38
4.23
2.44
3.64
1.23
1.95
1.21
6.54
1.37
1.02
1.24
67.29
1.07
3.2
56.91
11.86
24.3
1.43
2.06
1.46
1.26
1.53
1.54
46.95
2.7
1.44
10.35
2.58
96.95
1.37
5.22
2.53
1.33
4.43
1.57
1.79
1.26
11.82
2.28
37.49
1.74
54.96
2.16
3.5
7.4
1.38
7.83
3.93
2.21
7.38
1.96
9.11
1.16
6.17
1.7
1.74
15.18
1.18
1.18
12.56
1.63
2.42
2.45
4.99
47.52
4.75
20.35
5.0
3.96
1.05
15.25
1.93
4.8
1.72
1.45
75.4
4.21
1.43
2.17
1.25
3.28
1.26
2.8
20.78
4.67
3.4
2.07
2.53
1.35
1.58
3.15
2.84
1.05
1.31
1.22
1.67
57.04
1.86
7.69
4.19
17.32
1.77
64.43
9.4
2.92
2.89
3.42
1.24
3.33
1.55
14.79
27.94
11.98
1.9
1.62
1.95
153.6
4.05
53.15
5.29
6.82
3.8
1.71
1.01
1.83
111.85
3.29
